-260 316 168 457 3 -161 442 -413 -169 -294
384 -115 -119 -318 355 -112 -460 -304 -471 24
-340 496 397 167 -74 156 107 -295 127 -36
-83 37 -331 320 145 236 137 -410 -410 37
137 -405 395 313 -134 499 455 -182 20 -127
-457 -328 -25 92 -299 351 500 -125 -113 395
103 -304 214 -178 341 325 7 -393 -419 -70
116 73 127 348 -64 95 -379 -499 -266 -227
-128 486 300 -219 246 -77 279 186 -112 481
-114 -190 399 -10 -33 410 -497 -160 50 401
-384 -407 -27 430 -86 -200 459 489 -380 126
356 461 -418 52 149 310 -356 149 245 -179
-22 351 24 -89 -15 479 -120 -199 265 244
354 -184 -499 258 280 334 362 183 -300 -333
-398 188 204 89 -482 425 78 -102 193 -99
-270 428 -43 -499 -175 104 173 390 159 313
85 177 116 -284 -44 -371 317 265 117 -435
-373 -455 -478 -334 86 -71 -89 -387 330 477
86 408 450 -400 -188 -460 -62 -469 -284 -112
0 -34 -61 -372 -40 -242 71 -128 472 -395
500 -123 -500 -333 195 -485 -219 -412 -59 149
-473 -290 -151 -321 123 261 131 387 88 260
496 160 445 84 -54 -28 164 253 -212 430
-433 -452 -128 -212 -156 -236 -106 -247 -5 14
-272 337 -375 -211 -208 306 246 -406 -19 303
386 -60 -402 381 100 351 258 160 -434 200
-117 -481 -193 -488 172 -362 -479 58 356 42
-322 238 -35 -235 242 -414 -229 152 -479 -124
-119 -338 -395 -280 -28 -49 456 -175 -337 261
-433 -259 357 -142 395 -94 -34 -369 385 -86
16 420 457 -399 -335 -160 -336 -390 7 -39
-237 116 97 -272 -425 353 -217 -296 -190 327
108 -287 -304 443 -219 116 146 379 99 88
-204 -45 -74 -8 260 -172 344 -395 371 154
-192 -28 -151 -317 -113 -436 -132 -14 -459 134
468 -49 361 178 425 28 -462 336 237 -338
-2 -99 95 299 178 -332 471 -431 85 -414
-271 164 56 3 45 -302 480 449 -94 -447
-88 -416 47 104 299 -385 211 -81 479 19
-494 238 -361 417 370 97 -330 -413 -153 -411
-432 110 -226 497 -40 -444 306 -464 244 -352
-327 -336 291 -258 -191 -83 17 111 -397 -431
-145 136 459 -440 340 -104 382 465 -186 327
385 259 -102 -122 63 54 216 453 -123 -378
250 22 270 -89 364 150 -35 479 316 376
-70 -309 499 -210 389 357 -17 387 -357 -296
-407 191 473 357 -388 439 -176 18 412 315
300 230 -494 60 -427 57 98 -39 348 198
-158 256 -204 -63 388 -245 101 -346 -464 88
-365 278 -127 -466 258 449 -448 36 293 -392
410 110 452 457 -388 -301 399 366 172 393
87 -56 -374 -85 308 388 -256 -254 -422 231
460 -383 -31 -252 484 180 -35 432 282 -373
378 -458 446 333 46 -65 386 496 89 25
-148 -64 446 -101 275 -317 146 180 -492 271
469 189 -140 271 473 -231 -81 3 320 -446
38 135 333 474 -227 -15 441 -127 -224 -315
128 181 76 337 -473 407 -338 -349 492 232
295 -406 387 87 101 -150 -388 380 39 -333
25 -215 -77 256 -196 -95 -337 -297 24 107
420 359 -448 -366 299 396 444 159 -496 -48
99 162 -322 -268 375 -450 162 359 32 -408
-115 497 241 179 347 -406 -49 162 242 -427
25 50 -226 396 -117 -292 181 205 317 129
-337 -469 197 -463 -19 346 -432 -374 -475 418
-117 181 -27 -111 82 -86 -238 -194 49 319
114 -410 -430 -369 462 -426 -357 -77 -321 446
10 164 258 -184 74 -332 222 -292 165 -218
346 282 -9 -175 302 -212 477 91 -102 -168
484 187 409 297 110 -14 -329 32 142 -250
-301 -419 -45 331 -310 -366 15 218 375 112
-98 -373 -229 -450 350 314 303 96 -11 -59
-113 -445 -230 118 185 -488 -176 -36 -196 -193
-188 -362 -113 -131 466 500 -240 -234 86 92
-85 84 -238 362 -188 -402 -309 -70 -453 -364
128 368 401 119 350 407 458 -434 166 -292
-255 -497 -206 499 -401 -124 -88 26 -270 225
164 -103 345 -491 -80 -90 201 451 201 -257
6 410 -174 -372 318 -65 -339 312 -117 337
108 463 -20 384 -322 -476 458 -162 473 -113
-429 -270 -59 -167 267 37 142 281 93 -34
-121 -290 -59 -277 -362 310 376 45 82 139
407 -129 -349 121 -282 398 -162 443 -401 -169
268 233 -232 -396 -432 -349 432 280 447 492
353 207 102 372 -353 131 -92 -199 83 -44
-455 -217 -268 -152 -348 466 -241 181 -296 321
203 73 -97 -384 292 170 -283 -18 91 -256
90 -129 78 -291 159 303 -21 105 -488 -239
496 435 -59 -393 -34 109 -460 -127 -303 56
170 -301 132 245 -66 221 287 -192 -23 -345
-97 364 -268 296 414 258 461 -265 -217 -299
323 32 -369 -55 -85 -204 -341 478 225 -6
-209 88 -236 -375 58 -22 384 -55 -155 64
-283 -446 -113 -256 199 -205 -405 416 -108 -246
172 433 -306 -74 -446 -222 -27 302 152 -431
171 41 -462 -370 -377 -48 -32 -54 -284 -257
-277 174 296 -162 379 301 -315 -195 -53 -182
-45 -91 -126 397 390 214 29 279 398 404
450 -126 -433 311 -32 -275 -327 83 -315 408
-243 153 400 -468 -375 -476 -370 -466 -480 323
-497 -40 301 -11 -155 472 446 -279 114 49
-413 -258 440 -93 466 -228 264 281 301 -432
279 -15 -305 462 331 -339 -312 -424 242 -320
368 144 -97 404 -254 -280 169 440 -318 445
-224 405 98 429 468 189 163 459 295 -96
71 -291 140 445 -312 338 -245 -246 84 160
18 -67 254 -70 -426 456 -125 -465 -453 -218
-324 406 427 -13 -247 -319 -321 259 -165 200
18 384 -152 -494 -142 -274 139 181 232 -408
-94 -420 484 -293 -487 -257 316 107 147 -60
265 433 373 148 -167 46 -441 -475 244 370
22 -435 346 -243 -227 -371 -339 -390 315 -256
98 -72 -58 421 72 213 143 -364 253 -249
-389 5 106 273 -476 -134 -303 -180 337 97
91 292 246 128 -205 -375 100 277 188 -49
385 377 113 -493 206 37 358 -119 -159 -9
-208 216 191 -229 -466 28 -306 -234 -107 -394
-235 -193 274 277 -438 -300 -284 455 -41 4
305 427 -34 78 495 410 276 92 91 -352
132 -269 247 -214 -456 482 146 68 -242 -73
-301 -430 8 -172 479 -38 -430 453 164 409
-453 -49 346 -258 -365 -9 306 85 410 137
295 303 -467 -229 487 -351 342 -384 480 -89
-170 -110 -39 399 136 -235 235 233 -147 -186
-125 91 -152 -1 78 -239 -225 145 -395 -481
246 358 25 169 -487 190 474 -413 -403 485
206 13 -463 146 95 -430 -95 392 -79 -313
120 -436 -493 -270 -218 188 -444 183 1 19
-332 -418 -145 -217 271 -240 -300 -351 342 340
-444 -457 -436 410 458 151 -377 -93 175 367
54 313 134 65 233 161 -210 -318 -283 270
-329 375 145 -147 -133 -23 -409 343 311 481
223 -138 -217 168 0 -335 232 -229 248 -64
16 465 -96 -436 -386 287 200 -292 -298 -272
-117 43 -232 5 487 210 -225 -494 338 291
-147 243 -324 -435 -308 -16 413 362 -214 -125
197 434 16 -490 -279 403 183 414 -376 348
85 -156 128 462 -123 -201 291 -131 329 -67
-299 -389 470 -82 -190 53 261 -103 104 -486
44 81 171 321 129 340 313 474 129 435
-158 229 -384 433 105 108 -274 322 -316 -382
80 251 199 -52 312 488 -217 -171 -10 -495
90 -85 178 1 51 -232 -216 254 68 -422
-5 -45 401 -105 -125 -443 339 351 108 224
311 468 -464 -239 187 497 -240 331 -360 -104
-185 60 301 453 -119 -22 -228 -499 414 482
-282 421 -230 136 -116 220 8 -49 -419 360
117 115 -311 -286 -391 263 -402 487 22 -387
-451 -29 -247 300 355 -322 139 422 178 -395
-447 443 280 252 -1 -395 425 -164 -86 -311
301 -468 184 -106 296 -270 461 -266 -64 -56
260 405 -346 274 -10 -39 -283 -220 373 353
-429 -323 -142 -215 275 412 -310 -308 -332 93
77 491 -248 486 -353 -186 203 146 39 224
-498 -260 -384 -198 105 339 -60 -389 216 -135
357 346 293 -68 224 -46 323 411 252 488
286 -396 -102 -295 364 -174 137 -236 -167 441
136 72 297 19 -362 191 -115 153 418 458
-490 -258 -62 -261 -37 -430 63 -490 -323 8
10 -105 210 244 391 -446 -368 -8 -334 -16
-360 -497 450 190 417 320 3 27 -60 272
-433 330 -204 454 258 279 134 -131 422 261
365 -6 370 -500 -398 70 -392 405 -491 126
-376 -119 -477 275 106 -154 283 146 454 286
174 -46 -104 -458 65 22 485 -175 468 112
-152 464 286 128 127 419 -205 210 -132 171
255 24 -74 193 -149 386 141 303 -318 -43
258 402 322 -126 -447 89 -368 348 237 329
393 -80 -144 83 133 16 -460 228 307 -272
144 -78 -119 482 -5 149 -157 422 -134 -231
-214 499 327 402 -437 37 -107 -7 61 -14
420 338 -162 -130 -200 299 224 233 -155 -491
208 199 436 187 278 164 -8 225 128 73
331 -140 193 474 295 31 -24 -38 -495 -91
-202 315 -111 450 -69 -223 243 433 -434 183
42 196 220 27 62 -403 179 -470 189 437
-225 257 -396 -33 188 42 40 407 -343 -180
60 -376 0 271 141 -17 119 -452 306 8
192 178 13 60 175 315 131 -298 -170 290
-6 137 191 -326 -447 365 -273 -341 -54 -192
402 -468 387 -271 171 -139 -500 -395 -481 492
382 221 232 -104 -246 -140 -167 -296 -347 -332
-121 445 288 -101 234 366 495 -211 261 -253
254 470 -356 302 -155 -417 141 -151 -495 -423
288 78 -18 -491 -429 115 -207 -375 -141 313
-431 -371 254 431 -500 392 118 -145 434 -58
56 350 485 -401 135 437 -395 439 14 -443
-102 168 -214 471 75 259 -378 -214 283 -338
-100 -451 -476 205 454 172 -354 104 95 422
-214 -313 258 -133 273 219 406 350 256 -178
-175 247 -422 -65 475 -3 -488 432 393 -195
-70 -105 -207 483 32 -236 134 -285 -395 97
-193 -19 -25 -415 253 424 -478 -7 157 -430
-194 440 500 197 -453 -441 -430 488 5 -345
2 224 -9 -417 -124 -276 96 -473 -311 288
-475 -120 57 -464 -7 -408 428 337 -158 43
401 371 -440 -75 421 -30 364 469 -48 395
442 46 29 207 -101 53 60 -285 201 44
219 395 -369 -425 -438 259 219 -25 75 -48
-456 321 -154 -341 436 -47 212 -466 219 111
-257 255 -300 -313 -72 -500 431 -429 489 105
494 325 140 -382 90 -199 -395 50 52 441
466 355 85 487 412 -160 -286 441 -44 -337
-184 188 176 103 497 -175 -370 235 -489 428
459 -410 -349 26 286 387 -312 -270 300 -410
-85 -181 -170 284 -194 -408 217 307 340 201
-392 -259 -359 -62 -336 0 441 -359 -379 -297
-493 162 14 173 235 -453 204 -476 441 -338
-403 337 -187 21 383 -374 -313 -191 225 107
449 94 -181 -348 245 468 -261 -82 -442 -317
-243 -121 83 297 327 -346 284 -284 -68 206
-98 -117 -47 -176 227 360 -275 -185 266 -145
-38 194 466 -347 -483 -134 212 -24 -363 -482
181 27 447 181 -326 -32 257 470 455 -430
52 -64 -426 146 304 -398 -179 -497 -384 -211
-198 289 -6 -241 339 -297 -467 223 486 391
-116 358 365 173 133 80 284 -182 322 211
312 -270 -114 -395 -359 -100 15 -337 -175 -349
-433 476 22 -388 89 14 364 -83 199 332
347 190 291 54 416 211 -314 99 -95 215
255 -477 402 229 -294 -87 -322 337 -272 -315
3 34 420 472 310 164 -441 -30 278 169
387 440 56 -495 217 420 -384 -49 -412 296
-260 -461 -378 232 8 -325 -28 -229 384 -72
55 -252 -473 -258 -214 -305 112 -415 -152 218
416 282 -193 -213 -477 -52 -65 377 -487 87
66 110 99 6 369 -77 -196 -232 -393 -140
378 -265 -298 -371 -122 -422 -489 152 -151 170
328 450 103 224 -243 -314 -283 -78 -30 442
337 253 24 -94 440 -333 -13 -74 -297 -168
477 377 -383 25 188 -395 -392 -154 390 -315
-358 354 -441 313 -147 453 304 -46 475 -306
170 -477 -178 -249 -467 -407 444 352 235 -493
87 -148 -292 227 202 -221 427 -188 -105 -153
-88 368 -152 -351 424 18 291 479 330 -107
-238 -348 196 -231 193 106 -269 -394 -9 227
346 -463 -44 55 -19 -288 397 -187 61 31
-341 309 -150 -185 -58 -485 -8 237 118 -220
316 -258 -272 -468 -434 -251 462 295 349 -311
-26 -351 -103 85 470 392 181 1 -141 -289
283 -11 210 -51 342 -331 492 257 106 -338
-241 239 -450 -297 -340 495 367 33 -221 180
318 452 -183 -470 -338 -40 -75 -353 -407 -400
484 393 248 -119 469 257 -79 -465 411 -30
34 -295 -293 123 458 -81 194 -229 208 460
-447 -320 -57 477 -425 167 394 -441 59 312
129 -8 105 455 -59 367 -432 465 174 -419
293 490 -77 -150 -195 349 418 143 4 152
487 -248 474 82 -58 -92 -216 -80 327 334
30 -72 -415 -142 -63 -7 296 -99 97 484
454 461 -471 -461 101 317 398 -163 215 -234
151 455 197 318 -130 65 -218 -269 -142 431
-403 -162 427 -235 112 484 -42 257 -139 17
-19 452 -87 -467 -1 -159 409 223 -54 -15
198 394 434 -373 177 106 2 -121 -174 -69
381 79 -100 -259 -292 -22 57 -430 -316 418
-494 -198 365 -272 182 414 427 497 489 356
-244 -173 -76 172 69 -4 276 -348 381 133
190 361 -47 -392 -240 339 89 61 -402 280
358 338 71 -220 -219 344 335 48 122 -88
-403 -194 14 456 -396 -74 383 -342 53 -303
-70 104 -114 377 -147 61 13 285 -409 -174
-31 368 441 375 -289 -268 -285 335 81 344
180 7 331 -241 -390 132 -27 428 -173 14
189 -481 -488 -496 -41 415 413 -392 85 -202
-217 -23 -119 436 483 308 273 -54 103 -143
-49 -123 121 415 493 391 -244 179 -214 -10
-145 -13 -424 453 485 262 275 -419 439 433
-269 -53 -477 -242 345 315 -56 -428 -143 144
-499 -170 -452 158 -92 -385 442 312 425 115
-85 304 -88 -294 79 -457 -133 41 165 -121
-499 -272 80 -12 -111 7 -243 -351 62 -420
305 370 347 291 -331 447 -223 -127 -80 -240
353 -150 -58 329 204 235 -108 -328 -376 -369
-379 -429 411 153 219 304 -330 -350 -37 106
36 -282 399 -427 146 -361 445 205 466 321
-353 -208 -292 46 -163 -247 6 411 -143 -73
-4 36 -20 -365 255 432 375 155 -379 485
-460 -390 300 157 -59 332 -150 93 -182 -497
-210 -484 315 43 312 -29 -376 496 -63 -4
244 0 230 83 134 122 302 -332 -251 -311
421 43 -244 12 -337 -269 -224 -390 -250 -160
363 232 -413 -269 487 425 -296 -250 -305 -182
-297 -132 228 406 -496 -377 220 -132 164 429
-63 88 127 1 -94 432 -230 -295 101 29
-229 -34 327 -418 425 113 -478 -279 144 -142
3 374 444 62 -201 -367 -355 -490 -303 -492
-15 -58 285 -429 140 -349 -337 -55 160 -131
-73 -298 -119 10 51 -103 -382 -424 276 -193
146 383 53 -413 137 -178 -445 -482 291 198
-160 -140 -499 -174 -419 136 495 241 -126 347
-158 88 121 -349 -252 -122 156 204 127 -250
198 -331 487 -229 123 -397 223 457 488 405
169 -362 -343 -282 -385 6 425 357 -138 -296
227 -106 -107 67 -438 315 -90 -274 59 -434
-354 207 -407 402 105 -354 472 -345 -27 -290
230 440 231 168 -159 -406 283 -70 -234 480
-499 -211 223 -455 -124 251 -272 143 422 208
-115 -14 -290 193 62 -3 -258 102 57 -45
-288 389 117 -21 -467 -351 -79 244 -444 48
-474 -59 355 -362 -133 -129 46 208 -418 -313
-129 -145 -474 284 -385 -174 -104 240 -16 -92
356 463 -263 -35 -23 262 6 111 -126 331
141 106 448 -53 -334 494 409 -114 198 436
-263 -214 -205 60 87 445 -485 164 129 -383
-491 231 332 -230 289 -25 345 122 422 218
-399 -116 197 -208 230 111 382 267 234 -327
-102 8 -454 354 -173 402 -97 96 131 202
-382 171 366 -196 -126 328 -80 188 -127 -94
360 -57 200 95 -333 15 -303 -402 371 -70
167 -460 -138 -299 -39 -279 -3 -408 229 395
-249 6 -150 132 -441 -338 -393 113 -284 262
-135 491 180 -152 -139 38 328 358 240 410
-499 -286 -7 -130 -299 -93 -424 -492 -60 -254
-159 -42 -380 -34 -466 456 -271 107 -114 102
229 -55 95 431 5 273 -289 26 -136 136
45 378 -472 -417 58 -345 -256 -149 -156 -107
240 438 -409 -122 -263 -444 -442 313 113 245
-422 -450 139 -3 -174 487 -180 -40 120 38
-7 -267 -193 212 216 403 -163 429 -127 366
-251 -209 436 -119 -24 464 -292 433 378 230
-476 308 -69 -226 -403 -34 -251 238 -359 -474
-286 -125 -174 -189 -297 -375 28 -61 73 19
-484 -232 108 311 -195 50 -302 -313 -9 -319
117 -264 280 -75 53 -383 -26 53 -292 487
233 -320 453 147 34 323 178 -337 112 347
74 67 -367 33 98 -172 -123 -74 -400 -377
-137 173 -135 461 81 408 -470 50 -54 -60
326 435 -133 138 -500 -312 448 416 486 388
418 371 -413 398 -455 -264 -5 249 -388 -135
-198 409 -371 150 -200 -448 -70 -263 -74 155
-155 223 -173 -144 3 176 -324 475 417 17
-494 32 92 -394 -156 51 -131 -449 -220 410
208 160 -463 -338 18 64 -447 277 271 304
37 447 -242 -139 -129 106 -145 -18 215 -179
-153 416 -336 -424 -484 -334 -65 216 -430 275
-159 352 -60 69 451 368 -275 1 -248 -375
28 -59 -114 -135 390 315 350 -425 17 76
-297 -404 -108 159 190 -496 30 -400 -87 -159
-492 -16 366 -128 -205 485 60 152 378 220
-183 -113 -385 -413 -215 247 75 -446 79 -13
306 357 -131 -298 -169 -469 225 -358 400 -400
-18 228 444 183 56 -292 455 -152 406 381
118 -217 -207 65 133 -228 318 81 318 -298
348 -432 -434 -184 -379 -54 -177 284 411 51
-160 432 318 -136 328 -184 -390 -265 -184 295
-147 239 -205 457 -196 331 -366 4 143 -69
398 -327 -52 351 345 293 -494 -500 -38 349
-100 130 385 461 490 194 139 -455 481 -131
113 -476 -24 -426 18 -56 270 3 59 8
7 143 165 440 149 110 -351 167 -177 37
111 183 37 -307 426 -390 -443 219 163 321
-207 187 32 235 -494 -363 117 -405 245 25
-303 388 -193 295 -52 222 438 -79 73 145
-371 278 -77 -155 336 44 -85 -214 95 113
33 -205 -443 212 -143 -265 391 -481 164 148
-234 278 -149 -400 -341 -25 -325 -226 186 -456
-165 -339 407 -277 499 -27 246 -341 -163 -9
27 -404 57 70 51 173 -278 -370 -386 -163
416 -484 -150 -132 397 450 457 278 428 313
-307 344 371 455 -232 -272 247 -481 469 -286
139 15 268 -106 -205 -96 125 158 292 -467
114 328 -258 -430 -330 -328 123 -42 -86 493
-478 427 -473 -349 181 368 -195 140 328 -10
359 453 -150 183 -260 -178 -40 176 251 -32
300 135 65 -367 -21 30 398 -475 -157 -277
310 383 -491 55 479 -478 -415 72 8 14
-358 33 188 -285 -263 294 -393 -399 -377 266
287 -319 168 -470 162 -91 -272 -88 3 -438
6 -275 -40 5 189 206 173 -122 -331 -279
-347 350 -346 -321 221 -474 139 69 63 44
-89 -70 119 -408 476 158 -51 31 -374 -28
-311 -380 363 -135 -385 292 477 -105 28 -370
168 -242 49 -276 -486 -148 -414 -162 -268 -47
-118 51 -213 338 -438 285 133 -304 355 -154
232 -332 347 -63 -135 -429 -134 42 -314 75
184 235 -216 -437 83 297 230 -490 11 334
455 137 -67 362 -262 177 114 449 -283 386
-7 -249 -370 123 -137 -496 342 -121 -420 119
-99 282 185 -231 -247 259 237 87 -275 201
113 187 -17 92 262 393 80 -159 -134 -191
466 272 -29 334 -413 227 35 381 394 22
500 -184 -180 -396 5 24 250 202 -335 -116
220 -342 50 -136 122 -385 -166 -47 -108 -303
-137 -255 -103 344 -204 -411 -173 495 -320 428
98 412 -297 -21 437 -389 156 367 -252 -452
120 -37 342 -393 -485 -386 26 -437 324 -271
389 -132 -432 467 -87 -187 -500 486 -58 485
318 286 418 329 238 262 392 331 -463 -383
431 -207 -417 -29 292 -435 236 -289 16 -192
-426 -166 -35 259 -416 -90 -109 413 327 -277
-448 -20 -236 -313 233 -166 -424 -151 -40 17
-480 -422 415 -162 -228 -436 488 306 179 -248
-279 169 139 112 -249 130 -394 208 329 -11
42 -256 -106 414 440 -159 -144 165 -258 366
414 -244 -413 105 -143 -215 -260 450 445 282
-71 125 -28 67 -416 -35 265 -398 217 -4
-90 425 -424 370 319 336 -438 -489 195 -271
355 -328 -23 270 361 190 -38 301 275 -290
75 390 -329 193 245 -467 -470 254 95 -48
147 125 -242 -341 -95 122 -402 275 415 57
500 44 -372 257 -211 -66 -169 32 -476 -166
-496 442 372 -138 -10 -338 -207 -331 -41 375
443 432 -314 416 -340 -55 -470 -62 132 393
194 -489 419 421 125 -222 -433 346 -360 -150
256 229 252 -363 75 -459 385 -335 138 -247
-115 -50 460 -364 -477 -329 494 -234 283 -322
-238 216 -31 29 -478 78 421 380 -222 -456
490 -305 -335 24 426 177 -231 -268 265 -72
-249 115 180 432 -62 492 -221 -399 199 325
-467 -464 50 -493 90 454 456 57 240 -40
384 439 -247 266 -419 397 296 -91 343 226
-494 -27 -110 -319 -83 -256 -33 -138 -342 192
-309 134 -424 -134 262 410 -69 -369 70 324
127 364 -89 -302 413 81 180 226 -64 307
171 -375 -28 -236 -297 -413 430 -391 123 178
-92 365 280 485 323 -178 -452 -451 -392 173
-294 -305 458 -322 -83 217 23 247 76 -423
433 -3 -55 -156 239 -461 -217 303 360 -441
283 453 -217 200 230 -213 21 -40 184 -10
-140 -336 85 133 -452 -73 -353 386 -159 -35
-461 -432 -192 -155 -111 -89 209 222 336 214
381 -403 443 -280 -473 -185 337 -329 3 -195
20 -416 399 -45 303 -199 -166 346 103 410
-380 -391 -409 -494 -29 129 427 18 -18 -121
349 86 -328 -478 -115 470 -290 -466 210 119
-178 394 -346 -145 379 213 -193 290 -260 82
437 -38 -493 38 -246 -315 263 -324 123 -410
336 -199 -468 -5 71 -372 18 -328 360 -480
29 -48 418 322 83 248 339 -151 221 383
-388 336 -81 -148 249 -103 -241 -20 278 -303
480 226 -134 336 117 -46 -499 324 -320 -294
-470 118 399 -160 212 -363 246 54 -26 397
-486 -114 -116 386 459 -139 468 -297 -329 -172
125 471 -16 -293 -370 201 -152 20 363 -105
181 278 376 -250 354 -206 -28 322 -451 -124
-359 56 119 372 -281 -353 -185 360 -24 238
293 -291 -133 -454 174 238 451 -388 485 429
477 -269 -313 342 -257 268 -6 -324 -131 303
-300 -347 -264 -296 187 -383 -47 -87 490 85
428 470 -49 163 62 -82 -383 -373 -122 -473
476 -109 -145 77 -435 407 257 401 -267 -498
-112 -114 47 57 -410 90 41 -10 85 -270
-66 -107 -414 269 163 -424 74 -434 114 336
-249 -162 -341 275 72 -195 71 147 307 189
82 -299 75 484 78 -434 -466 -375 78 -107
-400 -267 -275 89 146 -455 97 428 402 -22
478 -282 -285 497 377 -103 -327 187 -442 -288
159 -466 -305 -162 59 10 -432 -161 219 -202
173 8 349 -226 318 182 399 -483 -355 109
-193 -414 -456 -213 -90 329 -484 247 -288 -32
-170 388 -384 -152 -428 308 139 -95 215 -37
-351 190 310 40 -349 -238 328 349 344 322
-430 150 145 -318 -236 23 -455 -246 93 361
293 -90 393 -339 -401 118 -321 -334 398 -453
283 -304 -301 -364 -309 455 76 472 -407 -332
-476 84 -121 -87 5 -232 -4 -239 207 -482
259 -139 -264 -233 -15 345 -426 -285 469 -37
159 10 170 102 405 277 371 454 -129 189
237 306 287 282 323 405 65 38 -152 -243
33 -274 -202 134 35 -48 213 15 418 -358
-266 -385 -449 -211 166 -344 -286 -232 -122 -329
-73 374 -247 352 -400 481 360 202 384 -399
342 7 313 27 265 163 150 -377 -445 412
-230 -23 -218 -494 -287 -270 234 112 -197 55
-207 -105 -320 -79 469 304 -355 350 383 -61
-138 428 -416 -203 2 -92 -130 -107 292 -74
381 318 499 -193 -26 153 -434 -286 487 -94
-320 137 -157 -139 -353 254 144 486 -391 -393
94 254 164 -483 324 485 -421 -448 248 410
18 198 -333 100 -291 -422 -122 172 335 -263
-438 -391 69 154 439 481 321 -417 -398 -161
142 -118 -451 244 119 -209 424 277 -223 -38
-159 269 -230 -235 7 187 -246 -242 210 105
-135 428 -332 -269 319 294 -495 -480 -210 -1
316 496 280 359 259 -500 -266 -245 87 66
316 -249 346 219 267 -104 -435 8 321 -177
-9 67 -437 75 -300 -67 -329 -44 467 -143
-419 253 -77 437 463 26 129 -38 -234 324
-305 5 368 23 52 92 13 -305 52 432
488 -15 342 -209 203 -348 -489 -86 -18 -124
-131 -258 307 124 -255 -30 -315 314 45 453
59 -208 -220 120 199 -141 383 -88 404 -162
-268 16 -59 240 100 -200 131 136 298 139
383 196 116 -35 120 494 -27 385 128 -275
-121 -127 -188 -201 -7 495 -334 195 -317 -12
-444 483 123 470 64 186 242 -433 271 398
480 -291 -290 -181 -158 246 217 -133 -79 -198
94 92 -187 -429 43 -362 97 478 429 -36
-437 -228 -204 -160 63 -189 -266 294 310 212
-362 -283 -232 159 -383 188 -407 -425 -28 -421
-295 187 424 -224 -36 -415 -265 -51 336 37
-294 80 165 -180 24 -188 307 -255 -56 -118
193 -371 -238 255 3 -435 -19 -123 -256 86
-475 -187 -157 -409 -22 232 457 486 -401 70
329 403 -265 269 -386 -352 236 368 62 203
-65 -154 487 190 406 242 -65 -56 -498 348
-105 171 -17 -261 -275 329 7 -496 27 162
-238 -407 437 234 -238 -54 452 -86 -442 -487
-176 -341 -244 95 -69 193 -237 338 155 -314
317 -126 -192 389 -42 283 351 240 251 -49
-468 172 -223 -269 -446 -80 -139 270 285 52
107 -488 244 -199 171 -307 -68 37 -398 441
386 -73 -225 173 -194 456 364 -240 274 -436
-373 -299 -49 315 -286 120 -25 54 -399 -185
376 -406 -79 141 278 63 -339 147 436 4
-493 410 -243 246 477 342 -49 -158 -87 435
17 -410 -193 -162 349 23 -39 -436 383 195
-377 260 475 407 -167 471 7 -356 197 271
109 490 -345 -38 -176 195 421 156 375 -214
299 96 -211 283 189 -407 466 375 325 -454
-272 309 -107 -118 -314 -222 382 -403 153 -334
-100 -72 343 347 95 282 352 -293 -300 269
-149 -425 333 138 435 -355 -337 86 179 87
148 -1 404 432 -239 370 404 111 335 -257
-156 483 211 102 -333 219 -253 78 -113 -211
408 271 275 181 421 -125 408 -348 -144 -424
399 324 343 302 453 59 -102 25 -238 137
-110 -321 286 173 -413 -86 412 384 261 465
-396 -419 454 389 89 346 -346 -499 326 -309
413 253 -248 356 -282 -150 85 -51 384 -39
-126 492 -66 164 -230 -316 61 296 -263 31
-129 204 -227 377 123 -426 460 180 40 376
-217 71 -251 489 -268 458 436 -139 -487 -233
-234 319 224 84 -185 224 127 -452 177 -474
-346 -84 -332 -432 35 -30 -264 -212 -474 -35
-254 -2 427 -405 -358 -274 384 332 -120 67
-87 138 428 126 279 -193 114 400 348 -101
304 -150 -211 328 -338 115 274 -290 484 107
-481 413 -72 -179 -170 90 209 -466 -430 -246
239 -324 237 261 -485 -286 -321 109 -219 378
17 55 66 -35 253 121 47 -9 -312 -84
301 -229 -268 486 165 -312 -457 -494 -473 16
488 -113 468 -497 184 -13 -248 47 -273 408
349 445 -339 -123 372 -450 -123 79 464 423
170 -278 148 -375 88 381 -476 -271 87 -195
55 499 -138 -176 7 -56 410 227 422 373
-456 32 -209 -119 208 90 -141 296 -344 -195
-55 339 -383 -366 271 70 -3 -334 306 -180
-21 -195 -368 417 266 -453 -338 392 -426 -472
-164 -227 400 318 468 -320 -302 249 -441 -3
-381 -394 -427 -331 -339 3 13 -263 -395 475
-60 -56 6 30 48 -157 -95 -118 19 192
310 376 6 467 -134 97 404 -358 -337 -47
201 -27 -356 -282 -57 -421 305 -306 358 -232
-115 -299 -90 76 -476 -11 -163 2 -232 -179
-222 455 308 -240 94 -19 -67 -60 -448 -430
-33 245 312 341 -190 292 211 106 -373 -73
-291 10 367 264 -462 373 -212 407 -222 4
182 -41 -242 -481 394 -368 -202 403 99 -278
-24 323 193 164 -232 166 13 58 -263 171
-93 -56 461 -441 45 406 266 49 -266 302
304 -198 449 -66 289 386 140 60 -389 -333
343 -300 -134 -278 -470 -178 41 -353 -269 -127
-20 -267 -45 -312 377 167 -428 -196 196 407
252 -278 246 -102 -224 -464 -196 243 -103 -370
-396 -433 -81 114 464 151 307 -421 -376 341
244 -127 432 -411 480 -2 440 383 -203 232
215 -246 239 317 -152 62 183 69 -36 415
438 423 -52 -80 -177 -382 -402 -430 356 -478
-452 -264 -81 434 -308 -360 -137 -330 -206 -419
-398 333 99 319 238 -333 152 -126 333 273
-109 48 -427 381 -319 484 11 -413 -449 -79
251 107 -431 -270 94 397 -391 5 55 209
398 -118 -26 200 343 113 -74 286 23 112
-210 434 23 -499 335 -389 462 -134 139 -377
392 297 181 162 208 -18 -44 166 -209 14
182 -242 -401 -203 -251 -480 23 133 -479 486
39 286 -150 -144 -80 -474 416 45 429 -358
299 -29 69 -407 230 114 416 111 287 46
96 273 -80 -69 -492 493 -172 21 382 -268
-394 421 367 191 49 -208 -365 -400 -47 109
-248 196 199 -32 -364 -223 494 313 333 493
-90 -43 242 -52 -405 38 -198 254 -329 204
-409 -409 -257 266 422 184 -326 118 -366 78
495 186 -216 121 -415 227 -486 -321 388 51
4 -258 -314 -247 -205 -215 -345 -112 163 -329
-177 -161 390 385 -190 386 442 340 123 94
295 130 -465 423 -192 -349 478 206 -103 -316
-382 -13 -348 -296 -7 209 -379 94 -221 -495
-401 184 -296 -349 -329 94 -160 355 78 223
111 455 310 -333 75 112 235 -266 299 -455
-211 -283 365 -107 -276 121 -176 375 6 195
-483 18 -101 222 238 -485 344 -299 385 -101
371 401 268 -305 -233 168 -472 -410 313 431
96 -390 186 -24 41 54 -88 358 442 87
124 46 431 -284 -294 -295 93 -286 -330 418
-488 431 -347 -496 -102 -31 429 497 132 345
344 497 86 175 -201 135 242 -229 420 66
-40 255 187 262 -309 -410 232 -442 457 285
128 -335 162 -38 -78 -328 -141 496 -395 -283
-441 -381 -113 -376 -416 476 -390 302 -157 6
-333 387 -388 -424 -409 236 -488 240 215 -398
481 -317 -383 305 -403 331 338 -152 84 -232
-363 59 21 215 349 -239 85 -291 -269 33
-375 256 240 -328 -41 -113 203 57 279 324
482 -319 43 -161 -183 371 -212 -372 193 307
-471 276 322 98 -284 247 -29 473 -483 -193
0 294 -163 439 115 -82 249 277 -22 -286
-284 299 223 107 71 153 -207 -489 -97 -445
240 43 -55 -35 -46 -494 309 353 -422 -290
-150 -343 431 355 308 -132 -375 -137 117 -179
486 436 464 296 -404 -478 -381 -331 -299 30
84 66 342 -260 -224 -107 410 -238 -443 213
377 1 222 3 -496 28 333 219 493 57
-97 -12 -34 -277 -151 413 347 -500 300 483
414 -251 -166 442 -101 -35 -376 -441 442 285
453 -368 132 361 203 -282 -125 343 301 -276
-302 155 -175 -288 322 -86 -327 -464 83 424
334 369 -203 90 -153 -401 302 494 364 -234
-26 474 74 -283 -275 -417 -130 17 -26 482
20 389 -65 361 113 -225 -226 94 -397 160
-472 489 27 339 329 74 137 -170 -263 -83
-62 424 -263 -88 160 -63 411 -341 231 340
482 -114 265 381 -195 -32 289 -498 -90 -391
128 -3 -277 -380 499 -28 123 -60 -58 406
-247 474 -342 34 299 -255 -132 210 59 388
-304 315 99 -162 -66 -194 280 77 371 -376
327 -434 -123 43 298 453 -197 447 142 -162
-333 234 354 65 328 335 257 -274 -309 -323
204 -300 -96 -373 -211 -24 -68 298 381 -470
409 241 212 -61 245 -357 9 -275 -430 -222
-338 304 -14 184 -195 460 132 381 -297 196
-368 -211 -479 106 -471 -80 -341 -120 237 -200
391 320 443 128 345 492 -271 179 -26 -381
-361 443 -313 358 268 108 -280 -111 306 -455
448 310 -275 -336 -107 433 41 243 370 479
-331 153 -350 283 -430 -110 306 381 70 333
243 -325 291 476 -376 -478 -109 133 44 -376
-259 -131 263 161 400 14 141 -49 301 5
-66 284 -188 -199 201 -249 -430 -459 -345 -249
48 124 9 109 -225 -466 86 -397 -253 -80
-362 -387 247 81 -351 265 9 480 -352 85
206 254 -1 -220 -397 -412 205 -484 -194 -491
344 -404 284 -410 -85 -304 296 14 18 343
-76 -106 -375 268 -141 -2 -326 -80 -95 -454
-429 -284 467 -183 -341 448 370 -394 7 299
-184 -366 -296 169 319 345 -4 342 479 -124
95 -187 -195 -202 -318 -10 -401 441 -93 299
-302 -15 -136 440 480 331 345 453 261 -84
125 -398 -308 -207 366 422 -44 149 151 -173
-134 428 -273 213 -108 369 -258 214 -316 199
258 -437 -54 308 -40 157 -327 34 368 -267
-152 -49 22 44 -295 316 79 61 261 302
164 433 380 89 -454 -231 -133 -187 375 -326
-446 168 446 -321 -251 65 325 -316 -480 360
-150 -12 157 54 25 -380 -165 -413 -255 410
-483 -484 -382 311 -233 -485 -228 415 -30 -129
125 321 281 187 -104 -146 420 -205 -120 -319
-60 -367 -213 -304 422 107 -112 -215 266 369
43 79 315 -132 410 -430 -10 -84 471 257
-358 112 22 -255 -287 -488 145 -321 -126 447
329 110 -452 484 231 -237 -320 -254 264 107
-17 -266 445 -275 226 -235 -26 -162 -98 248
-221 480 -466 369 25 286 102 312 246 -298
-373 113 -73 -288 -498 71 191 -243 5 160
-434 -147 -48 -28 -190 -186 -322 441 464 -334
167 114 485 -388 -472 215 -334 -299 -109 214
421 -15 -389 259 101 378 -354 490 -209 -18
-272 -200 317 321 -384 362 -42 18 -315 -121
123 -451 -318 -148 -286 -259 -489 15 473 -328
135 -222 -13 434 44 -406 350 326 -192 -315
-132 303 -290 430 150 -260 25 -358 47 424
57 213 -29 67 -152 -90 -215 -52 -218 333
289 141 120 295 31 122 -319 -149 166 -258
88 -380 261 36 400 -282 -386 457 176 -391
-63 480 -76 -257 -68 -455 -28 14 95 13
453 -302 19 -449 -426 48 -387 -95 -476 213
-3 -431 -124 -150 213 155 -147 -494 -66 -6
-465 -49 -314 -69 -199 -311 364 480 -208 123
384 210 -227 130 -55 35 216 -465 261 -349
-33 -288 -366 168 -430 -329 42 -315 444 -104
443 130 283 150 5 327 -492 17 -452 -448
-274 -422 -100 147 288 -209 375 405 491 183
-203 389 -268 -71 -92 312 -392 248 -26 267
321 49 -218 -402 -16 -120 290 -106 457 -328
192 1 415 -305 40 174 15 488 421 -384
247 237 482 346 263 492 101 426 142 319
-398 -337 -68 54 463 161 -22 -397 139 25
301 -301 -161 38 -480 173 -233 64 -98 -82
-116 456 -498 481 349 -58 -146 261 164 -276
153 20 -491 170 444 -479 262 334 179 -113
-257 -265 490 452 -485 80 -307 -198 437 -488
-264 365 -89 385 -383 36 162 -287 -403 75
-424 218 105 308 -320 -429 -243 -203 447 -140
-369 91 -470 -315 83 278 -100 -359 155 -310
304 -457 -353 74 -471 299 337 -57 464 67
-225 -126 -360 -254 -263 233 -247 -373 -168 360
258 -89 389 -128 -195 -314 72 -344 -298 324
46 -497 407 -306 16 -57 -421 274 -373 408
-303 467 -469 178 272 190 62 -370 318 -201
-298 173 408 -232 -341 -410 270 -361 -382 41
-258 -473 -170 -32 108 240 -260 128 -361 175
-356 219 -69 -297 -167 229 -386 -265 193 -113
468 -77 -45 -225 6 290 128 -314 170 333
-138 257 -308 -330 -355 114 -104 379 120 -13
182 -71 233 -388 -155 320 178 -119 219 -237
-448 -168 -123 -215 65 45 56 69 433 306
-391 245 -133 -322 293 -202 -234 113 -77 241
-31 -119 311 84 -293 435 229 -44 468 -95
239 -90 202 316 28 218 -106 -472 -226 82
-109 116 213 233 187 -476 315 -16 470 -40
74 -357 113 483 185 -415 -486 341 269 -32
200 448 -423 -365 397 350 -231 -358 -348 48
-364 419 -481 197 179 -155 -424 455 125 403
-301 12 -478 80 202 7 448 425 26 -352
226 -31 -440 342 -310 -425 -272 311 380 -88
484 -141 144 -12 -499 486 -215 117 456 409
46 -462 -58 -314 417 152 146 -19 -344 -308
230 151 207 365 -169 379 -332 275 -263 325
-244 500 -30 42 -380 -249 -494 -372 271 -337
-364 -118 385 144 -242 6 206 -81 -9 -287
-275 496 -203 -97 -188 174 357 462 -373 492
39 -225 -32 377 144 48 -108 299 166 -377
-98 -171 62 -365 -321 -227 -298 -471 -312 -344
-367 -377 -108 -433 -85 -166 44 99 7 -36
-54 427 112 -108 -478 -212 -484 274 -170 -205
-448 420 -246 -458 -52 -10 433 43 -119 -251
-21 137 -238 -47 -490 -175 286 426 -251 -318
-59 -253 -368 -16 263 -444 404 20 -93 354
-205 -141 -37 111 -156 -380 -4 -412 -102 -328
-471 491 -274 258 448 -76 54 -67 55 -263
486 -130 321 -424 -65 126 -444 207 358 349
446 425 -475 -248 315 377 340 487 -315 14
237 -423 362 -71 304 -36 -60 183 357 -434
-481 267 -156 434 151 366 -196 -253 -298 227
447 298 477 -58 -227 483 -122 78 -475 -456
-70 191 -400 49 21 45 -207 313 98 185
277 117 367 -91 -439 178 -486 -441 199 -200
-15 6 401 -311 330 -252 -95 -176 357 190
-244 87 -130 500 -430 -148 366 -25 -379 -418
285 46 466 143 413 164 377 51 -234 -451
-410 54 -133 349 -256 -38 -224 -182 297 328
-33 296 48 -467 -131 -39 -384 418 285 29
-162 2 -219 -299 122 392 243 68 -382 -299
-420 -106 -63 -35 376 -354 -465 -9 29 441
31 289 129 233 -114 -288 -410 69 -189 22
264 -375 87 -50 51 -406 477 -159 -122 491
-205 295 409 23 169 -274 289 -243 94 -160
23 -352 485 285 -339 -392 -303 25 -249 -58
336 -6 -469 -250 -191 424 -63 378 -253 257
82 38 244 40 -316 115 30 15 205 -279
-420 -74 -307 203 381 465 -390 275 -275 -465
389 -106 -62 -14 382 -92 -438 347 106 -358
120 317 -86 79 -11 -277 -250 157 -159 -375
-166 -330 238 -256 -186 397 -191 162 -129 -483
-139 49 -440 122 204 -494 370 122 38 -129
250 -162 427 219 -101 -227 235 -313 264 -33
436 316 54 -223 -273 490 -311 -209 182 -238
-229 381 460 63 -111 -276 137 -224 99 -451
89 435 395 165 209 42 304 110 -395 -231
76 280 483 -474 -199 -476 391 -179 500 91
184 -51 -413 12 -448 -57 231 191 -499 425
118 -474 -297 360 174 285 -4 68 202 138
-272 -385 472 281 -259 465 -332 224 390 -297
467 -7 -337 416 105 201 63 55 -273 481
-421 297 348 -234 -385 -389 -247 -270 -379 139
291 -249 -115 264 200 -417 219 -172 -434 452
-244 -404 389 185 413 -450 434 22 58 184
-89 306 113 492 -279 154 -160 452 464 -390
-444 -448 110 -311 -182 -201 362 -491 430 100
-210 -167 85 -165 -433 -43 282 -7 442 -246
-306 -39 52 -175 -396 -89 21 -167 242 436
158 -213 -449 89 -233 -92 -187 276 -86 142
304 -499 433 -298 -247 353 110 -238 163 -487
107 -295 -136 223 -6 119 -218 -214 40 105
124 -32 -89 104 -60 -189 -270 -20 -334 50
147 20 -251 -249 -214 -323 468 59 -240 420
230 402 -348 -102 -198 -310 175 158 -355 -315
-143 212 -166 164 199 12 -353 329 -70 -117
-105 344 312 -452 -360 485 353 215 -22 -25
-403 -453 449 -373 496 332 -41 -317 48 423
72 -425 134 -128 -350 334 130 380 -62 421
426 431 -330 -200 -496 150 363 432 -243 424
432 200 418 -277 -116 -110 246 379 257 -202
348 292 -495 -2 -287 499 -415 -328 289 -349
-161 -178 95 -127 -257 146 174 -189 -17 -276
85 -381 -250 174 -460 485 -243 -389 467 -499
397 -3 159 38 91 -348 -227 338 -270 -298
55 59 472 -9 -168 -277 -68 385 -418 -129
-282 194 5 121 -305 412 -452 308 -456 -138
-493 39 274 60 -224 63 -21 -245 295 -218
314 -453 467 -109 -224 346 -4 -82 -452 -145
-91 -125 55 -111 118 389 -85 -347 327 -384
288 201 435 382 -164 119 463 -77 -447 -23
-99 56 308 -453 311 27 -290 -374 -304 -1
493 -241 313 -312 -371 -263 193 -371 242 108
-359 296 372 -207 -161 62 466 -58 -419 175
7 -493 190 -488 120 36 398 -29 6 182
-341 -492 -437 -47 472 225 -79 192 383 455
-356 280 396 314 201 -81 -41 -240 424 371
235 -63 -336 443 190 -380 411 17 245 -105
215 314 424 20 38 -317 -364 -367 203 -374
-215 -124 -166 184 -45 -248 126 -314 -47 -181
83 -478 357 439 -151 382 454 -58 259 192
225 320 -62 -43 37 -469 427 -405 -366 259
116 354 447 416 -70 -383 37 262 442 460
-222 157 175 16 219 -438 316 303 398 337
-75 289 -343 315 -312 217 -466 9 229 367
370 -171 365 317 421 -321 -162 23 201 25
-20 -70 397 248 206 35 483 129 -192 187
-436 -188 9 209 -226 -479 393 -259 351 81
68 -7 294 -401 439 -79 -216 -463 307 -144
-228 12 485 175 410 3 -454 -499 -273 -460
-475 161 -67 -321 -167 83 90 16 145 -367
-92 -113 -424 58 -244 450 -293 -377 396 -20
380 -371 210 309 47 432 11 -399 489 -143
-99 -205 419 334 323 -46 -303 218 -50 491
299 119 -255 -165 -403 -103 -182 -461 411 169
187 -150 206 145 -284 264 -3 39 151 24
136 -456 -201 -10 -444 -124 -460 414 -456 428
148 -130 274 86 114 349 -496 -391 251 -414
402 -86 356 471 -471 403 -132 -115 -302 -262
-160 -136 80 165 475 450 277 352 -378 74
148 70 -294 368 -339 78 78 -381 -41 -385
-366 435 328 -343 -206 385 -107 185 -224 380
-499 69 328 -33 55 -74 489 -46 -299 373
348 -481 -371 345 -86 291 429 378 -143 148
-358 337 -244 -439 271 -450 340 489 341 309
243 -256 78 177 108 421 129 -461 -9 231
312 -282 169 -179 199 -130 374 -383 -170 -392
438 242 -133 126 209 -234 -405 197 246 122
-377 -82 -476 -56 -445 -339 47 145 447 -4
-262 308 329 448 362 360 -94 188 316 -72
497 -178 470 -67 6 179 279 491 -343 272
273 124 110 -403 -306 -225 -128 -69 -23 -22
-319 57 -327 419 129 -338 -168 -15 148 238
-253 380 -381 -91 -385 155 344 413 -346 255
-248 -498 -395 -265 402 -223 -180 -54 428 -278
-472 168 -364 -6 -279 -46 -145 101 -245 442
140 -160 -113 483 176 -289 165 436 -79 156
346 -226 -364 345 -276 207 -175 -110 -353 -148
-450 43 116 -315 34 152 100 377 -442 -90
-309 128 448 -53 16 -454 -174 79 407 26
49 -51 -168 378 -93 -8 -405 -402 310 -278
225 -399 425 -274 148 320 -405 252 -427 -256
256 -476 338 136 358 484 -4 260 101 -318
229 -222 -67 -2 303 294 490 216 83 362
-26 -360 -316 483 453 -256 -97 -342 -246 -170
362 274 -335 -450 197 -218 -2 478 7 319
391 -81 -483 86 236 300 223 29 42 85
-188 -198 82 339 -370 100 57 -328 385 281
123 472 15 313 339 -303 -100 -3 103 363
447 -405 -453 176 -165 -339 54 452 403 440
494 -153 223 400 5 -17 -276 -359 -133 -360
-93 -282 394 -14 -223 27 -221 152 447 -65
282 256 299 -86 -188 -487 -188 390 -225 -272
-467 15 -341 -267 -367 269 23 11 92 340
235 189 -474 194 -479 -348 -212 -347 426 268
431 315 -50 230 -205 13 -115 199 -221 380
-467 325 -413 20 -65 -72 108 125 202 128
490 -30 -360 170 112 44 -410 -292 226 31
-129 -399 -375 -373 -5 -357 -127 -33 -434 -400
-52 431 -75 -157 -261 36 -468 283 359 -453
-490 -450 120 -391 24 -299 423 176 166 -433
259 -323 53 -64 -230 -176 12 -401 -262 -285
215 -214 -30 -486 -278 292 465 51 -101 182
234 417 112 -442 -470 -307 460 -328 69 -77
-100 -349 103 -423 401 -138 -196 -18 85 214
-303 -247 159 88 -70 390 -393 -392 317 60
-60 -32 468 309 -244 484 -382 -111 97 123
493 -463 -394 262 83 -206 -44 309 -1 -359
-257 328 -451 -163 -298 -343 -92 306 -58 -478
-372 -97 -116 375 -473 -326 -262 240 -317 -82
447 450 -86 -350 -490 -193 364 -56 -275 310
-57 66 -362 423 -5 31 -491 -135 81 386
-376 -33 54 -443 22 325 -267 60 -117 23
-287 21 156 1 480 -269 47 -296 150 -170
-450 -78 -52 -392 190 -359 -451 -280 389 319
-483 3 -132 372 358 467 -189 292 -164 70
-153 -340 -171 -284 -80 -382 453 -163 100 -476
257 -33 182 162 158 406 182 28 -84 455
-154 -151 -344 -108 -44 398 -219 -170 -295 162
386 425 49 304 171 -276 440 -62 500 -405
219 198 -146 -440 386 57 29 148 -422 -446
-356 65 -423 -461 -187 249 107 161 141 82
-466 -215 -136 -168 254 346 259 272 -101 372
-326 19 216 259 -461 385 -492 57 3 -321
-226 -366 293 -311 392 -191 6 -190 -453 58
-16 -362 -372 -326 -445 -267 23 -267 274 298
-201 -404 -473 368 -385 -201 -145 -96 -391 44
-291 310 -299 360 382 -476 5 -442 357 445
-5 -416 188 439 -182 -447 -86 421 81 349
257 484 -382 -280 463 349 300 461 112 -33
-496 327 0 333 -281 0 213 -94 360 -130
359 -229 284 -47 63 391 377 237 113 -77
188 -125 394 -225 -271 306 -20 -251 96 -375
-11 -244 -3 -328 353 -187 -242 -441 287 177
-77 0 484 -339 146 -192 -89 -61 -55 -311
315 -125 66 -46 -357 377 455 114 -256 -155
-72 30 188 -280 372 394 22 66 -438 167
-401 -478 -41 476 -426 -101 296 -325 6 -89
36 436 212 -139 -206 -433 -483 -231 436 -393
373 27 16 74 46 385 -312 -94 -426 448
106 -36 -366 -288 -497 -322 -201 13 53 -454
-90 481 -155 374 -316 103 108 316 -324 88
-265 -117 383 -330 107 452 -398 -456 431 -356
-481 -454 500 2 75 -417 -271 -232 138 -366
-124 -26 -321 -460 491 225 -46 -286 -391 163
439 -154 448 57 491 125 353 124 -454 17
-139 -430 278 -275 -319 243 -469 266 -113 80
22 370 -59 -120 -310 -120 267 -83 -371 -216
107 43 -418 241 -81 191 379 373 105 387
49 -35 -446 -71 -94 46 -359 -157 -175 -309
-233 -167 305 -88 248 -285 230 -329 413 499
246 -293 -203 -144 473 233 -322 -469 -405 69
-457 -315 278 -98 -31 398 76 396 186 -172
-463 -297 167 346 28 -156 -440 134 -499 214
-167 -107 362 315 -39 -14 223 -42 177 403
252 -411 200 -47 57 181 229 -123 -300 -385
308 -176 -151 268 221 402 123 -139 332 200
36 -27 172 -308 30 -406 434 -442 421 -390
261 359 -27 55 113 -225 110 -89 493 104
-29 -355 -67 -11 186 259 -208 262 -396 408
317 462 421 -167 -237 -78 -142 287 -144 -306
150 4 297 144 -435 -318 -288 -363 222 -433
-375 170 135 335 486 -171 -375 35 184 162
-258 324 -461 180 -65 269 263 2 292 80
473 -371 193 -75 -178 -192 -319 -344 -480 222
444 57 -219 7 34 488 -144 266 -114 -385
316 59 -397 425 -184 88 -70 431 -109 185
256 195 36 496 -207 -96 -288 -204 127 -101
-386 -319 -187 29 110 -328 472 134 406 -293
489 -210 -486 138 -301 -61 115 191 -93 -326
430 401 448 -379 -360 -108 -17 126 -267 265
-278 -387 -144 413 273 -74 330 -33 -180 -493
439 -136 -493 8 474 -497 292 -36 371 -359
40 -311 -49 -59 -161 102 -37 -411 324 -317
11 -434 -111 72 220 216 491 98 262 57
236 317 -236 -62 492 484 116 363 136 -340
340 -365 227 460 -411 -275 11 23 -171 332
250 -312 350 451 36 63 211 459 -249 -328
-303 158 292 -28 -116 489 -463 379 -169 -331
-418 66 -100 246 -435 -244 -423 290 -419 -241
-154 -111 212 81 96 -224 277 331 -438 -352
21 110 22 -386 312 122 -218 -297 -266 -130
-183 -220 418 -406 384 360 -276 -101 265 357
162 -295 -24 60 -8 54 -215 256 -495 -170
39 257 246 -150 -70 -188 64 -378 194 -450
65 440 341 446 -277 315 426 155 320 400
100 265 375 94 -322 -481 -318 -364 -295 -379
30 295 104 -269 -164 -242 -469 301 450 -133
-93 -257 273 382 -29 363 -302 393 493 413
119 395 -203 -125 76 239 92 -287 -168 23
481 60 21 -137 229 209 -163 484 -97 -255
147 236 387 -450 199 411 77 239 -18 377
381 12 256 -37 308 9 402 10 -194 262
-336 260 -71 4 -51 -277 119 -202 278 292
304 -263 -80 -269 63 285 332 -391 -104 174
230 -375 125 -268 96 349 -9 -402 499 137
10 -425 272 -207 -258 191 -42 495 342 -285
450 88 -272 22 -468 328 487 85 104 -400
-118 -126 -393 467 -233 -211 181 162 -259 -313
191 -413 -121 -174 436 85 -440 -407 -196 341
356 -27 -491 -146 137 143 -5 -417 245 175
-317 -240 368 -449 134 -205 -306 289 -434 235
-50 47 127 -96 246 -422 -47 99 58 124
272 -159 -301 108 -386 -118 161 160 159 165
172 -184 210 16 179 -265 423 483 -52 11
-251 463 5 215 214 45 399 458 -292 -167
352 -10 133 13 -470 23 175 -60 318 -479
-326 -71 -247 88 82 461 434 -466 189 -350
-41 124 158 -221 -366 -280 -401 164 -427 74
-449 257 435 -336 -398 2 -72 -339 181 66
-439 138 384 -128 377 -156 -150 -293 -170 82
432 100 -278 443 -380 122 455 -112 6 272
-74 465 323 276 -70 306 -292 161 -53 -78
456 -335 -150 -366 -314 -91 -446 -438 44 398
353 413 236 -474 404 354 236 -333 -486 -11
238 -488 -79 87 226 477 479 105 -185 208
-165 -367 346 235 265 -490 393 117 312 71
-455 -453 342 -254 439 -403 -56 -68 -461 -95
1 -114 361 78 80 287 -31 -483 280 -4
-312 -454 312 388 -227 -247 -203 447 -384 41
276 -90 -255 121 451 150 432 254 -205 -231
298 -492 -478 -302 -219 156 412 217 -404 -332
-43 393 496 -255 44 295 40 -244 -438 9
39 13 353 218 -489 -29 92 335 -400 268
275 427 489 87 22 171 -415 217 -161 437
-51 -195 -361 -282 353 14 4 352 57 -164
316 -57 312 407 -71 -316 473 -161 -290 487
-454 -286 -64 35 99 -375 -396 242 -143 -243
147 -426 -98 195 422 387 -320 -391 311 380
-34 -156 -359 298 -199 453 -430 360 387 -234
-443 164 -196 -72 -427 278 -479 241 368 406
305 -458 -450 -256 87 112 -498 -456 253 -255
-390 -449 194 298 -45 398 -104 478 -372 16
54 250 292 3 -38 26 373 500 160 -491
406 -394 -217 -35 178 403 -153 -2 225 -96
165 -6 -205 88 -315 223 191 259 297 -401
-159 -386 -317 296 164 -383 389 380 495 -445
249 464 -180 313 -132 -15 320 -20 141 311
-39 451 -336 -40 482 464 -392 106 -452 -448
112 -406 381 -306 -74 287 -426 -388 -341 193
-254 488 178 -307 -238 305 381 41 -261 455
314 -252 -409 -98 253 89 -196 74 93 283
215 183 140 407 -55 179 -37 -124 31 217
371 312 93 -499 -38 304 429 -196 -482 479
-228 -103 -264 268 -341 153 441 -181 -21 -140
494 356 -185 494 41 45 143 -17 92 -464
